429071
428819
428718
428712
427786
427517
427372
427240
427086
426658
426461
426291
426288
426162
426090
426089
425924
425777
425431
424963
423566
422922
422622
421182
420202
419854
419215
417881
417880
417578
416952
416951
416937
416844
415906
415348
415345
415310
414961
414956
414708
414678
414591
414546
414201
413472
413420
413380
413230
413217
412886
412732
412455
412226
412175
411993
411510
411493
411485
411484
411171
411483
411436
411199
411045
410788
410692
410291
410242
410241
410240
409707
409566
409561
409494
409159
408897
408871
408770
408769
408768
408592
408591
408473
408259
408181
407952
407917
407911
407901
407706
407705
407704
407703
407702
407701
407700
407565
407543
407542
407538
407536
407453
407452
407423
407354
407353
407338
407336
407332
407329
407228
407221
407197
407050
406883
406763
406762
406674
406662
406542
406513
406512
406390
406386
406385
406365
406298
406297
406180
406177
406176
406175
406058
405934
405933
405783
405697
405696
405695
405603
405602
405601
405600
405472
405471
405376
405365
405220
404899
404897
404530
404495
404494
404485
404397
404304
404297
404292
404291
404290
404203
404197
404080
404079
403991
403989
403981
403779
403778
403776
403773
403764
403754
403559
403481
403477
403322
403315
403226
403225
403224
403218
402960
402749
402098
401749
401503
401500
401499
401498
401493
401020
401019
401018
401013
400674
400673
400668
400658
400314
400313
400312
400311
400308
400104
399729
399728
399723
399374
399359
399295
399244
398886
398885
398884
398493
398491
398489
398143
397674
397719
397673
397247
396756
396755
396568
396426
395951
395510
394937
394936
394934
394933
394492
394399
394335
394234
394060
393876
393537
393536
393459
393398
393248
393245
392863
392849
392540
392539
388589
388229
387954
387941
387753
387551
387548
387260
386916
386656
386283
386018
386013
386012
385721
385718
385262
385008
385007
384884
384639
384351
384004
384001
383635
383634
383630
383483
382926
382780
382779
382621
382619
382618
382360
382272
382224
381958
381834
381831
381789
381786
381658
381472
381412
381411
381410
380838
380836
380559
380444
380191
379755
379546
379531
378920
378851
378542
377012
375647
375592
375237
374348
373403
373400
372792
372188
372073
371556
370838
370296
370293
369530
369035
369033
369032
368433
367918
367328
366648
366167
365001
364855
364851
364313
363553
363552
363423
363096
363088
363087
362532
362296
361711
361113
360481
360480
360115
359625
359171
358995
358022
357530
356910
356399
355791
355374
354867
354377
353993
353992
353951
353950
353846
353749
353736
353735
353734
353728
353495
353202
352587
352023
351443
351329
350728
350414
349785
349568
348615
347472
346900
346522
346390
346096
345998
345832
345750
345749
345708
345614
345477
345380
345277
345107
344984
344885
344789
344628
344625
344035
343923
343337
343718
343551
343347
343412
343409
343336
343204
343201
342890
342815
342743
342641
342642
342447
342425
342216
342215
342213
342212
342023
342022
341834
341835
341785
341545
341373
341337
341334
341332
341331
341328
341028
341325
339300
339303
326149
326142
339298
339284
339287
339273
339270
339266
339268
326154
326159
429074
428721
428720
427791
427521
427373
427244
427089
426660
426462
426161
425712
425651
425126
424966
424589
424296
424295
423321
423319
423318
422926
422924
422923
422599
422597
421181
421021
419866
417875
416954
416169
415510
415169
415101
415100
415098
414684
414487
414309
414197
414195
414194
414193
413427
413426
413224
413219
413149
413148
413147
412895
412736
412632
412234
412231
412230
412229
412174
412173
412014
411640
411639
411523
411515
411212
411141
411134
410793
410792
410693
410690
410689
410685
410684
410491
410488
410487
410485
410237
409745
409743
409559
409169
408904
408892
408775
408576
408573
408485
408483
408482
408264
408030
407910
407908
407907
407906
407745
407744
407743
407710
407709
407708
407537
407535
407420
407201
407198
407194
406969
406968
406966
406870
406868
406867
406864
406862
406765
406648
406510
406508
406507
406377
406290
406190
406189
406188
406179
405930
405929
405928
405926
405917
405915
405831
405828
405827
405826
405787
405699
405599
405598
405596
405594
405593
405470
405469
405467
405466
405465
405464
405177
405176
405175
405174
405025
405024
405023
405022
404924
404923
404917
404916
404915
404913
404906
404904
404901
404802
404801
404800
404684
404683
404682
404538
404537
404536
404535
404534
404498
404497
404496
404400
404306
404305
404302
404294
404293
404105
404082
403980
403978
403781
403780
403775
403774
403769
403767
403594
403593
403592
403591
403590
403575
403564
403494
403493
403491
403308
403306
403305
403228
403143
403141
403054
403053
403049
402985
402982
402981
402961
402866
402662
402659
402657
402656
402104
401752
401509
401507
400675
399727
399725
398889
398494
398145
398141
397253
397252
395952
395514
394064
394063
393255
392869
392546
392453
391866
391132
385009
384359
383636
382930
382929
382273
381476
380841
380199
379789
379534
378545
378300
377021
374352
373405
372803
372193
371557
370878
369036
367919
367331
366175
364886
364316
362295
361108
360494
360121
359628
359000
357994
357535
356939
355799
355375
354881
354368
353751
353219
352591
352024
351450
350822
350418
349575
348618
347479
346903
346403
345833
345736
345623
345491
345287
345106
344986
344891
344790
344657
344656
344036
343927
342644
343552
343439
343351
343220
342894
342744
342638
342451
342205
342206
342202
342201
342024
342025
341837
341784
341315
341314
278432
278430
278428
278429
278431
278433
278434
278435
278436
278437
278438
278439
278427
278426
278425
278424
278423
278422
278421
278420
278419
278418
278417
278416
278415
278414
278413
278412
278411
278410
278409
278408
278407
278406
278405
278404
278403
278402
278401
278400
278399
278398
278397
278396
278395
278394
278393
278392
278391
278390
278389
278388
278387
278386
278385
278384
278383
278382
278381
278380
278379
278378
278377
278376
278375
278374
278373
278372
278371
278370
278369
278368
278367
278366
278365
278364
278363
278362
278361
278360
278359
278358
278357
278356
278355
278354
278353
278352
278351
278350
278349
278348
278347
278346
278345
278344
278343
278342
278341
278340
278339
278338
278337
278336
278335
278334
278333
278332
278331
278330
278329
278328
278327
278326
278325
278324
278323
278322
278321
278320
278319
278318
278317
278316
278315
278314
278313
278312
278311
278310
278309
278308
278307
278306
278305
278304
278303
278302
278301
278300
278299
278298
278297
278296
278295
278294
278293
278292
278291
278290
278289
278288
278287
278286
278285
278284
278283
278282
278281
278280
278279
278278
278277
278276
278275
278274
278273
278272
278271
278270
278269
278268
278267
278266
278265
278264
278263
278262
278261
278260
278259
278258
278257
278256
278255
278254
278253
278252
278251
278242
278243
278244
278245
278246
278248
278247
278249
278250
429073
428717
428714
427790
427518
427371
427241
427090
426657
426464
426289
426160
425827
425779
425125
425124
424293
424292
423796
422925
422612
421019
420760
419302
417889
417887
417886
415517
415512
414683
414306
413381
413226
412734
412636
412233
412232
412013
411637
411513
411211
411210
411044
411041
411040
410490
410489
410238
409558
409557
409556
409254
409253
409251
409250
409168
409166
409158
409018
408895
408894
408484
408127
408126
408125
408029
407909
407734
407730
407707
407540
407422
407417
407416
407415
407101
407100
407099
406866
406865
406645
406644
406506
406382
406380
406184
406181
406046
406045
406043
405931
405923
405918
405786
405700
405479
405477
405476
405360
405221
405216
405215
405214
405020
405018
404532
404296
403782
403777
403229
403144
402863
402753
402108
401754
401024
401022
400671
400315
399726
399358
398887
398495
398144
397720
397251
397249
397248
396761
395949
395513
394062
393538
393534
393247
393246
392544
392542
392450
391868
391536
391133
391130
390651
390619
390472
390128
389796
388596
388311
388228
387953
387553
387255
386917
386662
386661
386016
385264
385004
385003
384358
384357
383633
383244
382931
381832
381787
381471
380837
380555
380194
379753
379529
379528
378850
378849
378534
378299
378293
377019
377017
375593
375238
374351
373407
372805
372191
371555
370873
370291
369537
369034
368450
367917
367325
366169
364882
364310
363557
363095
362285
361109
360491
360116
359623
358987
357992
357529
356938
356397
355795
355372
354876
354373
353753
353222
353108
352589
352021
351449
350821
350415
349783
349570
348757
348611
347483
346904
346383
345996
345834
345735
345624
345490
345281
345105
344892
344791
344661
344660
344037
343925
343557
343350
343348
343221
342898
342823
342817
341303
341302
279118
279245
279246
278819
279248
279249
279250
279251
279252
279253
279254
279119
279255
279120
279256
278890
278889
278822
278662
279116
278888
278948
279115
278887
278947
279114
278659
278946
278886
278821
278658
278820
278657
279113
278945
278656
278655
278654
278653
278818
278652
279112
278651
278817
278885
279244
278944
278943
278942
278816
279111
278650
278649
279110
278648
278815
279243
278814
279242
278813
278812
279109
278647
278811
278810
279108
278884
278809
278883
278808
278646
278645
279241
279107
278644
279106
278941
279105
279104
278643
279240
279239
279103
278882
278807
279102
278642
278641
278806
279238
279237
279101
278881
279236
279235
278805
278640
278639
278638
279100
278804
279099
278803
278940
278637
278802
279098
278636
279234
278939
279233
279232
278635
278938
278634
279097
278801
278633
279096
278937
278632
279095
278631
279094
278630
279093
278629
279231
279230
278880
278879
278878
279092
278628
279091
278936
278800
278799
278877
279090
278627
278626
278625
278935
278798
278934
279089
278624
279088
278623
278933
279229
279228
279227
278932
278931
278797
278622
278876
279087
278621
279226
278875
278620
279225
279086
278796
278795
279085
278619
278618
278794
278874
279084
278793
278792
278791
278617
278616
279083
279224
278790
278615
278789
278788
279223
278614
279222
278613
279221
278612
279082
278787
278930
278786
278611
279081
279080
278873
279079
278610
279078
278785
278929
279077
278609
278608
279076
278607
278606
279075
278784
279220
279219
278928
279218
279074
278605
278604
278783
279217
278782
278781
279073
278780
278603
278927
278926
279072
278602
279071
278601
278872
278600
278779
278599
278598
279070
278778
279216
279069
278871
278925
278777
278776
278775
279215
278774
279068
278597
279067
278870
278596
279066
278595
278869
279065
278594
279064
278924
279063
278593
278592
279062
278591
278590
279214
278923
279061
278773
279060
278868
279213
278772
278922
278771
278589
279212
279211
279059
278588
279058
278587
279057
278586
278585
279056
278584
278583
279055
278582
278770
278867
279054
278581
278866
279053
278580
278921
278579
278578
278769
278577
278576
278575
279210
278574
278573
279209
278865
279052
279208
278768
278572
278767
279207
278864
279206
278766
278765
278920
279051
278571
279205
278570
278569
279050
278568
278863
278764
278763
278762
279204
278862
279203
279202
279201
278567
279049
278761
279048
278760
278566
278759
279200
278861
279047
278565
278860
279046
278758
279045
278757
278919
279199
279044
278564
279198
278756
278859
278563
278562
279197
279196
278918
278561
278560
279195
278858
278755
278754
278917
278559
279194
279193
278558
279192
278557
278556
278857
278555
279191
279190
278856
278554
278753
279189
279188
279187
278752
278855
279043
278553
278916
279042
279186
279185
279041
278751
278750
279184
278552
278551
278550
278549
279183
279040
278548
278915
278854
279039
278547
279182
279181
278749
279180
279038
278546
278748
278747
278853
279037
278746
279036
278745
279035
278545
279034
278544
278543
278542
278852
279033
278744
279179
278914
279032
278541
279031
278851
279030
278540
279029
278539
278538
278537
278743
278536
279028
278535
279027
278742
278741
279178
278740
279026
279177
278739
279176
278738
279025
278913
278737
278534
278533
278850
279024
279023
278532
278531
278736
278735
279022
278734
279175
279174
278733
278732
279021
278530
278731
278730
278529
279020
278528
279019
278527
278526
278525
279018
278729
278524
278523
278728
279017
278727
278726
278522
279016
278521
278520
278912
279015
279173
279014
278519
278725
278911
279172
279171
278518
278517
279013
278516
278724
279012
279011
279170
278849
278910
278515
279169
278723
278848
278909
279010
278722
279168
278514
279009
278513
278721
278512
279008
279007
278511
279167
278847
278510
278720
278846
278908
279166
279165
279006
279005
278509
279004
278508
278907
278507
279003
278506
278505
278906
279002
278504
279164
278503
278502
279163
278845
278905
278844
278719
278501
279001
278500
279000
278843
278999
278499
279162
278498
278718
278842
278998
278904
278903
278997
278841
278996
278497
278717
278995
278902
278716
278715
278714
278713
278496
279161
278994
278840
279160
278993
278712
278901
278711
278900
279159
278992
278495
279158
278494
278839
278493
278492
278710
278491
278991
278709
278490
278489
278488
278990
278838
278708
278989
278837
278707
279157
278988
278487
279156
278706
278705
278704
278836
278703
278899
278987
278486
278485
278986
278484
278483
278985
279155
278482
278481
278835
278984
278480
278702
278983
278982
278479
278701
278700
278981
278478
278980
278477
278979
278834
279154
278699
278978
278476
278475
278698
279153
279152
278977
278474
278697
278473
278696
278976
279151
278975
278695
278694
278693
279150
278472
279149
279148
278692
279147
278898
278691
278690
279146
278471
278689
279145
278688
279144
278833
278687
278470
278469
278897
278686
278468
278467
278974
278973
278466
279143
278465
279142
278832
279141
278464
278685
278463
278972
278684
278896
279140
278462
278461
278683
278831
278682
278895
278971
278460
279139
278681
278680
278459
278970
278830
278969
278458
278968
279138
278894
278679
279137
279136
278967
278829
278966
278457
278965
278678
279135
278677
279134
278964
278828
278676
278963
278456
278675
278674
278827
278962
279133
278455
278826
278454
278440
279122
279121
278950
278949
278664
278443
278442
278441
279123
278951
278891
278666
278665
278445
278444
279124
278663
278952
279125
278954
278953
278446
279126
279128
279127
278892
278823
278667
278447
278956
278955
278824
278668
278449
278448
278957
278450
278961
278960
278959
278958
278893
278671
278670
278669
278452
278451
279129
279130
279132
279131
278825
278673
278672
278453
429072
428719
428716
427789
427787
427520
427369
427243
427088
426659
426463
425826
425778
425711
425710
425123
425122
424967
424965
424588
424586
424584
424294
424291
423800
423798
423797
423795
423793
423322
422596
422595
422594
421925
421180
421020
420764
420761
419867
419864
419862
419860
419859
419299
418523
417874
417873
416958
416955
416953
416168
416167
416166
415513
415097
415095
414682
414681
414680
414305
414304
414198
414196
413429
413428
413425
413382
413221
413220
413218
413146
412896
412894
412892
412887
412753
412735
412635
412634
412633
412235
412012
412011
411638
411636
411526
411525
411524
411514
411512
411213
411209
411205
411138
411136
411042
411039
411038
410795
410794
410791
410687
410686
410486
410239
410236
410235
409741
409554
409252
409249
409164
409160
409157
409020
409019
408903
408893
408891
408774
408773
408772
408582
408267
408266
408265
408263
408262
408261
408260
408124
408031
408028
407742
407736
407421
407419
407190
406967
406863
406649
406647
406509
406505
406504
406384
406378
406296
406293
406187
406183
406182
406048
406047
406044
405932
405927
405925
405924
405922
405921
405919
405825
405785
405784
405698
405694
405597
405595
405592
405475
405474
405473
405468
405463
405359
405219
405218
405217
405179
405178
405021
405017
404926
404911
404908
404905
404903
404799
404797
404796
404685
404681
404540
404539
404533
404499
404398
404307
404303
404301
404300
404298
404208
404081
403979
403770
403768
403766
403577
403573
403572
403563
403495
403492
403376
403377
403299
403298
403231
403230
403227
403142
403051
403050
402988
402984
402983
402963
402962
402867
402865
402864
402859
402858
402857
402856
402762
402760
402759
402757
402755
402658
402109
401753
401751
401501
401349
401023
401021
396753
396425
396424
395950
395947
395509
394494
394337
394061
393533
393520
393254
392851
392850
392545
391862
391535
391135
390650
390473
390127
390126
389792
389637
388593
388592
388224
387952
387943
387942
387549
387261
387256
386915
386675
386015
385720
385261
385010
384356
383631
383250
383249
383245
382927
382620
382506
382223
381835
381791
381474
380839
380193
380192
380188
379788
379754
379527
378848
378846
378544
378543
378540
377020
377013
376359
375591
375235
374347
373401
372800
372793
372189
371553
371552
370872
370286
369533
369037
368435
367915
367326
366650
366647
366166
364880
364871
364315
364311
363555
363532
363090
362286
362284
362283
361103
361100
360485
360117
359620
359619
358992
358984
357982
357980
357534
357533
356937
356926
356920
356398
355796
355373
354872
354869
354371
353732
353218
353203
352590
352020
351448
351447
350825
350421
349772
349569
348613
348609
347474
346902
346399
345995
345737
345835
345615
345488
345280
345104
344893
344792
344653
344652
343922
343559
343443
343341
343222
342822
342818
342650
342649
342445
342189
342193
342195
342192
342160
342030
342156
341839
341786
341267
341268
341265
341262
341249
341246
279530
279518
279519
279517
279520
279521
279522
279524
279525
279527
279528
279529
279386
279385
279384
279381
279516
279515
279380
279514
279513
279379
279512
279511
279510
279509
279508
279507
279378
279506
279505
279377
279504
279503
279376
279502
279375
279501
279500
279499
279374
279373
279372
279498
279497
279496
279371
279495
279494
279493
279492
279491
279490
279370
279369
279368
279489
279488
279487
279486
279485
279367
279366
279484
279365
279483
279364
279482
279481
279363
279480
279479
279478
279477
279476
279475
279474
279473
279472
279471
279470
279362
279469
279361
279468
279467
279360
279466
279465
279359
279464
279358
279463
279462
279461
279357
279460
279459
279356
279355
279458
279457
279354
279353
279456
279352
279351
279455
279350
279454
279349
279453
279348
279347
279346
279345
279344
279452
279451
279343
279342
279341
279340
279450
279339
279338
279337
279336
279335
279334
279333
279449
279448
279332
279331
279330
279329
279328
279327
279326
279325
279324
279323
279322
279321
279447
279320
279446
279445
279319
279444
279318
279443
279442
279441
279317
279316
279315
279314
279313
279312
279311
279440
279439
279310
279438
279309
279437
279308
279307
279436
279306
279435
279434
279305
279304
279433
279303
279432
279431
279430
279302
279301
279429
279300
279428
279427
279426
279299
279425
279298
279424
279297
279296
279423
279295
279422
279421
279420
279419
279294
279293
279292
279291
279418
279417
279290
279289
279288
279287
279416
279415
279286
279285
279414
279413
279284
279412
279411
279283
279410
279282
279409
279408
279281
279280
279407
279406
279279
279278
279277
279405
279276
279275
279404
279274
279273
279272
279403
279271
279270
279269
279268
279402
279401
279267
279400
279399
279398
279266
279387
279257
279389
279388
279259
279258
279390
279261
279260
279262
279393
279392
279391
279263
279396
279395
279394
279264
279397
279265
429070
428715
428713
427788
427519
427370
427242
427087
426465
426290
426091
426088
425927
425648
425127
424964
424590
423794
423320
420763
420762
419863
419858
419304
419300
418514
417885
417883
417876
416957
416956
416171
416170
415515
415509
415099
414685
414679
414308
414307
414303
413447
413424
413423
413228
412893
412889
412227
412225
410797
410796
410790
410789
409167
407335
407330
406965
406764
406205
406178
406041
406040
405838
405604
405366
405361
404898
404299
404295
403753
402754
402103
402101
402097
401748
401747
401506
401505
401504
401025
400670
400669
400310
399722
399590
399520
399243
398883
398488
398142
397724
397717
397250
396750
396423
396422
396421
395948
395512
395511
394935
394932
394338
394336
394334
394059
393535
393249
392848
392847
392846
392537
392536
392452
391864
391863
391534
391533
391128
391127
390620
390618
390616
390615
390368
390124
390122
389795
389408
389407
389406
388591
388227
388226
388225
387550
387257
387254
386918
386914
386665
386663
386014
385719
385260
385259
385006
385005
384640
384638
384637
384636
384355
384003
383632
383247
382925
382617
382616
382230
382222
382221
381833
381788
381473
380840
380557
380553
380197
380189
379752
379718
379532
379530
378847
378538
378537
378298
377011
376357
375236
375234
375181
374349
373402
372795
372187
372186
371554
370876
370860
370285
369531
369038
368432
367916
367324
367323
366646
366643
366164
366163
364879
364869
364308
364306
363560
363093
362282
362277
361611
361107
361106
361105
360489
360486
360483
360118
359857
359622
359621
358994
358980
357987
357979
357532
357531
356911
356380
355794
355793
355792
355371
354865
354376
354375
354374
354370
354369
353733
353731
353730
353729
353216
352588
352022
352019
351446
351445
350820
345994
345836
345725
345622
345485
345279
345102
344985
344890
344793
344651
344650
343926
343924
343561
343349
343338
343206
342820
342821
342891
342819
342552
342645
342426
342197
342207
341840
342031
342175
341789
341788
341164
341163
341162
341155
341158
279612
279603
279602
279604
279605
279606
279607
279608
279609
279610
279611
279601
279600
279599
279598
279597
279596
279595
279594
279593
279592
279591
279590
279589
279588
279587
279586
279585
279584
279583
279582
279581
279580
279579
279578
279577
279576
279575
279574
279573
279572
279571
279570
279569
279568
279567
279566
279565
279564
279563
279562
279561
279560
279559
279558
279557
279556
279555
279554
279553
279552
279551
279550
279549
279548
279547
279532
279531
279533
279535
279534
279536
279537
279539
279538
279540
279541
279542
279544
279543
279545
279546
